<?xml version="1.0"?>
<opencv_storage>
<CameraMatrix type_id="opencv-matrix">
  <rows>3</rows>
  <cols>3</cols>
  <dt>f</dt>
  <data>
    5.67289001e+02 0. 1.24226997e+02 0. 5.91747986e+02 1.18278000e+02 0.
    0. 1.</data></CameraMatrix>
<DistortionCoeffs type_id="opencv-matrix">
  <rows>5</rows>
  <cols>1</cols>
  <dt>f</dt>
  <data>
    -3.62345010e-01 1.74569994e-01 7.55109009e-04 6.65190979e-04
    -3.36932987e-02</data></DistortionCoeffs>
<RotationValues type_id="opencv-matrix">
  <rows>3</rows>
  <cols>1</cols>
  <dt>f</dt>
  <data>
    1.40971243e+00 -1.09164977e+00 8.83402109e-01</data></RotationValues>
<TranslationValues type_id="opencv-matrix">
  <rows>3</rows>
  <cols>1</cols>
  <dt>f</dt>
  <data>
    1.47485657e+03 1.77084094e+03 3.14308325e+03</data></TranslationValues>
</opencv_storage>
