<?xml version="1.0"?>
<opencv_storage>
<CameraMatrix type_id="opencv-matrix">
  <rows>3</rows>
  <cols>3</cols>
  <dt>f</dt>
  <data>
    5.67289001e+02 0. 1.24226997e+02 0. 5.91747986e+02 1.18278000e+02 0.
    0. 1.</data></CameraMatrix>
<DistortionCoeffs type_id="opencv-matrix">
  <rows>5</rows>
  <cols>1</cols>
  <dt>f</dt>
  <data>
    -3.41486990e-01 9.50300023e-02 6.67204987e-03 3.42071988e-02
    -1.75294001e-02</data></DistortionCoeffs>
<RotationValues type_id="opencv-matrix">
  <rows>3</rows>
  <cols>1</cols>
  <dt>f</dt>
  <data>
    1.24068546e+00 -8.99918318e-01 9.46270883e-01</data></RotationValues>
<TranslationValues type_id="opencv-matrix">
  <rows>3</rows>
  <cols>1</cols>
  <dt>f</dt>
  <data>
    1.87157996e+03 2.16509570e+03 3.31373096e+03</data></TranslationValues>
</opencv_storage>
