<?xml version="1.0"?>
<opencv_storage>
<CornersAmount>48</CornersAmount>
<Corner_0>
  272 397</Corner_0>
<Corner_1>
  274 404</Corner_1>
<Corner_2>
  278 410</Corner_2>
<Corner_3>
  280 417</Corner_3>
<Corner_4>
  283 424</Corner_4>
<Corner_5>
  285 432</Corner_5>
<Corner_6>
  289 440</Corner_6>
<Corner_7>
  292 449</Corner_7>
<Corner_8>
  256 399</Corner_8>
<Corner_9>
  259 406</Corner_9>
<Corner_10>
  260 412</Corner_10>
<Corner_11>
  263 418</Corner_11>
<Corner_12>
  265 426</Corner_12>
<Corner_13>
  267 434</Corner_13>
<Corner_14>
  270 442</Corner_14>
<Corner_15>
  273 451</Corner_15>
<Corner_16>
  241 401</Corner_16>
<Corner_17>
  242 406</Corner_17>
<Corner_18>
  243 413</Corner_18>
<Corner_19>
  245 420</Corner_19>
<Corner_20>
  247 427</Corner_20>
<Corner_21>
  249 435</Corner_21>
<Corner_22>
  251 444</Corner_22>
<Corner_23>
  252 452</Corner_23>
<Corner_24>
  225 402</Corner_24>
<Corner_25>
  226 408</Corner_25>
<Corner_26>
  226 415</Corner_26>
<Corner_27>
  227 422</Corner_27>
<Corner_28>
  229 429</Corner_28>
<Corner_29>
  230 437</Corner_29>
<Corner_30>
  231 444</Corner_30>
<Corner_31>
  232 454</Corner_31>
<Corner_32>
  208 402</Corner_32>
<Corner_33>
  209 408</Corner_33>
<Corner_34>
  209 415</Corner_34>
<Corner_35>
  210 422</Corner_35>
<Corner_36>
  210 430</Corner_36>
<Corner_37>
  211 437</Corner_37>
<Corner_38>
  211 446</Corner_38>
<Corner_39>
  212 456</Corner_39>
<Corner_40>
  192 403</Corner_40>
<Corner_41>
  192 411</Corner_41>
<Corner_42>
  192 416</Corner_42>
<Corner_43>
  192 422</Corner_43>
<Corner_44>
  192 430</Corner_44>
<Corner_45>
  191 438</Corner_45>
<Corner_46>
  192 447</Corner_46>
<Corner_47>
  191 457</Corner_47>
</opencv_storage>
