<?xml version="1.0"?>
<opencv_storage>
<CameraMatrix type_id="opencv-matrix">
  <rows>3</rows>
  <cols>3</cols>
  <dt>f</dt>
  <data>
    8.93797974e+02 0. 9.54447021e+01 0. 9.28268005e+02 4.70229988e+01 0.
    0. 1.</data></CameraMatrix>
<DistortionCoeffs type_id="opencv-matrix">
  <rows>5</rows>
  <cols>1</cols>
  <dt>f</dt>
  <data>
    -4.77856994e-01 -1.31840006e-01 1.70587003e-02 3.88989002e-02
    3.42359006e-01</data></DistortionCoeffs>
<RotationValues type_id="opencv-matrix">
  <rows>3</rows>
  <cols>1</cols>
  <dt>f</dt>
  <data>
    -5.26479073e-03 -2.19672084e+00 2.09874153e+00</data></RotationValues>
<TranslationValues type_id="opencv-matrix">
  <rows>3</rows>
  <cols>1</cols>
  <dt>f</dt>
  <data>
    1.17224866e+03 2.27120239e+03 5.65551318e+03</data></TranslationValues>
</opencv_storage>
