<?xml version="1.0"?>
<opencv_storage>
<CameraMatrix type_id="opencv-matrix">
  <rows>3</rows>
  <cols>3</cols>
  <dt>f</dt>
  <data>
    4.87164001e+02 0. 3.21083008e+02 0. 4.85690002e+02 2.32160995e+02 0.
    0. 1.</data></CameraMatrix>
<DistortionCoeffs type_id="opencv-matrix">
  <rows>5</rows>
  <cols>1</cols>
  <dt>f</dt>
  <data>
    -3.52638990e-01 1.59225002e-01 1.73907995e-03 1.62911005e-04
    -3.80322002e-02</data></DistortionCoeffs>
<RotationValues type_id="opencv-matrix">
  <rows>3</rows>
  <cols>1</cols>
  <dt>f</dt>
  <data>
    8.42875615e-02 -2.51939893e+00 1.78389919e+00</data></RotationValues>
<TranslationValues type_id="opencv-matrix">
  <rows>3</rows>
  <cols>1</cols>
  <dt>f</dt>
  <data>
    1.10952734e+03 8.36964050e+02 3.54553662e+03</data></TranslationValues>
</opencv_storage>
