<?xml version="1.0"?>
<opencv_storage>
<CornersAmount>48</CornersAmount>
<Corner_0>
  327 371</Corner_0>
<Corner_1>
  316 365</Corner_1>
<Corner_2>
  306 358</Corner_2>
<Corner_3>
  295 351</Corner_3>
<Corner_4>
  286 344</Corner_4>
<Corner_5>
  277 339</Corner_5>
<Corner_6>
  268 333</Corner_6>
<Corner_7>
  260 326</Corner_7>
<Corner_8>
  339 365</Corner_8>
<Corner_9>
  328 357</Corner_9>
<Corner_10>
  318 351</Corner_10>
<Corner_11>
  308 345</Corner_11>
<Corner_12>
  298 340</Corner_12>
<Corner_13>
  289 334</Corner_13>
<Corner_14>
  281 329</Corner_14>
<Corner_15>
  272 324</Corner_15>
<Corner_16>
  351 359</Corner_16>
<Corner_17>
  340 352</Corner_17>
<Corner_18>
  330 345</Corner_18>
<Corner_19>
  319 342</Corner_19>
<Corner_20>
  311 335</Corner_20>
<Corner_21>
  301 330</Corner_21>
<Corner_22>
  292 323</Corner_22>
<Corner_23>
  283 317</Corner_23>
<Corner_24>
  362 352</Corner_24>
<Corner_25>
  351 346</Corner_25>
<Corner_26>
  340 341</Corner_26>
<Corner_27>
  331 334</Corner_27>
<Corner_28>
  320 329</Corner_28>
<Corner_29>
  313 324</Corner_29>
<Corner_30>
  302 319</Corner_30>
<Corner_31>
  294 314</Corner_31>
<Corner_32>
  374 347</Corner_32>
<Corner_33>
  362 341</Corner_33>
<Corner_34>
  352 335</Corner_34>
<Corner_35>
  340 330</Corner_35>
<Corner_36>
  332 324</Corner_36>
<Corner_37>
  323 319</Corner_37>
<Corner_38>
  314 315</Corner_38>
<Corner_39>
  306 309</Corner_39>
<Corner_40>
  385 341</Corner_40>
<Corner_41>
  372 335</Corner_41>
<Corner_42>
  362 330</Corner_42>
<Corner_43>
  353 324</Corner_43>
<Corner_44>
  342 320</Corner_44>
<Corner_45>
  333 315</Corner_45>
<Corner_46>
  323 311</Corner_46>
<Corner_47>
  315 306</Corner_47>
</opencv_storage>
