<?xml version="1.0"?>
<opencv_storage>
<CornersAmount>48</CornersAmount>
<Corner_0>
  387 340</Corner_0>
<Corner_1>
  375 336</Corner_1>
<Corner_2>
  365 333</Corner_2>
<Corner_3>
  353 329</Corner_3>
<Corner_4>
  343 326</Corner_4>
<Corner_5>
  333 323</Corner_5>
<Corner_6>
  322 320</Corner_6>
<Corner_7>
  312 316</Corner_7>
<Corner_8>
  396 336</Corner_8>
<Corner_9>
  385 332</Corner_9>
<Corner_10>
  373 329</Corner_10>
<Corner_11>
  362 326</Corner_11>
<Corner_12>
  353 323</Corner_12>
<Corner_13>
  343 319</Corner_13>
<Corner_14>
  331 316</Corner_14>
<Corner_15>
  323 313</Corner_15>
<Corner_16>
  405 332</Corner_16>
<Corner_17>
  394 328</Corner_17>
<Corner_18>
  383 325</Corner_18>
<Corner_19>
  372 322</Corner_19>
<Corner_20>
  360 319</Corner_20>
<Corner_21>
  351 316</Corner_21>
<Corner_22>
  342 313</Corner_22>
<Corner_23>
  333 310</Corner_23>
<Corner_24>
  413 327</Corner_24>
<Corner_25>
  403 324</Corner_25>
<Corner_26>
  391 322</Corner_26>
<Corner_27>
  380 319</Corner_27>
<Corner_28>
  369 316</Corner_28>
<Corner_29>
  360 313</Corner_29>
<Corner_30>
  350 310</Corner_30>
<Corner_31>
  341 307</Corner_31>
<Corner_32>
  421 324</Corner_32>
<Corner_33>
  409 321</Corner_33>
<Corner_34>
  399 317</Corner_34>
<Corner_35>
  387 315</Corner_35>
<Corner_36>
  378 313</Corner_36>
<Corner_37>
  369 310</Corner_37>
<Corner_38>
  359 307</Corner_38>
<Corner_39>
  349 304</Corner_39>
<Corner_40>
  429 320</Corner_40>
<Corner_41>
  418 318</Corner_41>
<Corner_42>
  407 314</Corner_42>
<Corner_43>
  396 313</Corner_43>
<Corner_44>
  386 309</Corner_44>
<Corner_45>
  376 307</Corner_45>
<Corner_46>
  366 304</Corner_46>
<Corner_47>
  358 302</Corner_47>
</opencv_storage>
