<?xml version="1.0"?>
<opencv_storage>
<CameraMatrix type_id="opencv-matrix">
  <rows>3</rows>
  <cols>3</cols>
  <dt>f</dt>
  <data>
    4.88402008e+02 0. 3.28704010e+02 0. 4.90621002e+02 2.12500000e+02 0.
    0. 1.</data></CameraMatrix>
<DistortionCoeffs type_id="opencv-matrix">
  <rows>5</rows>
  <cols>1</cols>
  <dt>f</dt>
  <data>
    -3.52703989e-01 1.56110004e-01 1.21320004e-03 8.31989979e-04
    -3.25510018e-02</data></DistortionCoeffs>
<RotationValues type_id="opencv-matrix">
  <rows>3</rows>
  <cols>1</cols>
  <dt>f</dt>
  <data>
    1.59418762e+00 -6.74291193e-01 5.85908175e-01</data></RotationValues>
<TranslationValues type_id="opencv-matrix">
  <rows>3</rows>
  <cols>1</cols>
  <dt>f</dt>
  <data>
    4.42048492e+02 9.58879211e+02 3.58798389e+03</data></TranslationValues>
</opencv_storage>
